0.000000
0.060000
0.120000
0.190000
0.250000
0.330000
0.390000
0.470000
0.530000
0.610000
0.680000
0.740000
0.830000
0.900000
0.970000
1.040000
1.120000
1.200000
1.280000
1.360000
1.450000
1.500000
1.560000
1.680000
1.750000
1.810000
1.890000
1.970000
2.030000
2.140000
2.240000
2.320000
2.370000
2.500000
2.560000
2.640000
2.760000
2.880000
2.980000
3.030000
3.200000
3.200000
3.270000
3.380000
3.460000
3.500000
3.620000
3.710000
3.800000
3.870000
4.000000
4.040000
4.120000
4.280000
4.340000
4.390000
4.460000
4.590000
4.720000
4.770000
4.860000
4.980000
5.090000
5.250000
5.210000
5.330000
5.550000
5.630000
5.550000
5.690000
5.760000
5.800000
6.000000
6.030000
6.210000
6.320000
6.520000
6.380000
6.600000
6.690000
6.870000
6.760000
6.940000
7.180000
7.060000
7.250000
7.270000
7.460000
7.450000
7.560000
7.820000
7.920000
7.890000
8.030000
8.090000
8.080000
8.420000
8.420000
8.570000
8.580000
8.600000
8.750000
8.850000
9.070000
8.910000
9.070000
9.410000
9.450000
9.410000
9.550000
9.590000
9.950000
9.840000
9.870000
9.930000
10.050000
10.180000
10.240000
10.420000
10.500000
10.490000
10.730000
10.870000
10.950000
10.960000
11.160000
11.190000
11.410000
11.360000
11.410000
11.600000
11.700000
11.920000
11.970000
11.940000
12.160000
12.060000
12.330000
12.230000
12.410000
12.470000
13.060000
13.100000
13.610000
13.690000
13.210000
13.550000
13.650000
13.530000
13.410000
14.230000
13.580000
13.870000
14.020000
13.960000
13.890000
14.270000
14.530000
14.300000
14.280000
14.490000
14.590000
14.490000
15.030000
14.750000
14.970000
15.030000
15.240000
15.200000
15.290000
15.680000
15.650000
15.610000
15.780000
15.930000
15.840000
16.059999
16.309999
16.230000
16.580000
16.600000
16.790001
16.860001
16.889999
16.850000
17.059999
17.240000
17.280001
17.250000
17.700001
18.110001
18.000000
18.400000
18.010000
18.080000
18.260000
18.709999
18.480000
18.620001
18.790001
18.790001
19.090000
19.040001
18.990000
19.430000
19.620001
19.639999
19.709999
19.520000
19.809999
20.330000
19.840000
19.900000
20.240000
20.540001
20.570000
20.440001
20.870001
20.780001
20.879999
20.850000
21.100000
21.719999
21.420000
21.580000
21.280001
21.520000
22.049999
21.799999
21.910000
21.850000
21.959999
21.959999
22.150000
22.280001
22.270000
22.200001
22.430000
22.350000
23.209999
22.820000
23.120001
23.100000
23.040001
23.350000
23.389999
23.650000
23.830000
23.580000
24.040001
24.080000
23.870001
24.190001
24.129999
24.209999
24.309999
24.280001
24.540001
24.540001
24.850000
25.180000
25.170000
25.240000
25.200001
25.309999
25.500000
25.559999
25.910000
25.870001
26.459999
26.360001
26.719999
26.639999
26.559999
26.959999
27.309999
27.000000
26.830000
26.930000
26.959999
27.219999
26.950001
27.440001
28.090000
27.389999
27.889999
28.480000
27.870001
28.040001
28.559999
28.430000
28.209999
28.450001
28.770000
28.420000
28.870001
29.110001
28.840000
29.010000
29.580000
29.500000
29.690001
29.740000
29.610001
29.850000
30.049999
30.700001
29.950001
30.280001
30.570000
30.080000
30.170000
30.350000
30.510000
30.920000
30.840000
30.809999
30.889999
31.000000
31.299999
31.469999
31.510000
31.520000
31.809999
31.750000
31.680000
31.889999
31.850000
32.160000
32.330002
32.299999
32.450001
32.560001
32.779999
32.689999
32.740002
33.200001
33.709999
33.259998
33.130001
33.430000
33.750000
33.570000
33.820000
33.730000
34.200001
34.060001
34.470001
34.619999
34.520000
34.360001
34.630001
34.619999
35.090000
35.250000
35.060001
34.980000
35.119999
36.189999
35.320000
35.619999
36.150002
35.900002
36.020000
36.060001
36.389999
36.430000
36.860001
36.639999
36.910000
36.939999
36.840000
37.169998
36.869999
37.110001
37.180000
37.320000
37.619999
37.869999
37.919998
38.799999
38.419998
38.200001
38.930000
38.410000
38.520000
38.299999
38.590000
38.650002
39.240002
39.040001
39.000000
39.720001
39.680000
40.169998
39.869999
39.779999
39.709999
39.980000
41.139999
40.570000
41.380001
41.220001
41.080002
41.560001
41.849998
41.439999
41.540001
42.310001
41.549999
41.759998
42.110001
42.070000
43.200001
43.049999
43.060001
42.540001
42.930000
43.110001
42.959999
44.099998
43.770000
43.610001
43.830002
44.419998
44.160000
44.490002
43.799999
44.259998
44.580002
44.410000
44.570000
45.070000
45.200001
45.189999
45.869999
45.099998
45.619999
45.230000
45.320000
46.020000
46.020000
46.049999
45.869999
45.889999
47.009998
46.770000
46.500000
47.080002
46.700001
47.619999
47.410000
47.130001
47.700001
47.700001
47.820000
48.040001
48.939999
48.700001
47.919998
47.959999
48.090000
48.540001
48.389999
48.759998
48.549999
48.570000
49.130001
48.900002
49.189999
49.160000
49.619999
49.070000
49.279999
49.709999
49.990002
49.560001
50.750000
50.470001
49.820000
50.869999
50.730000
51.009998
50.520000
50.849998
50.689999
50.939999
51.450001
51.220001
51.820000
51.290001
51.590000
52.029999
52.860001
51.880001
51.990002
52.400002
52.180000
52.910000
52.369999
52.549999
52.959999
53.000000
53.419998
53.099998
53.310001
53.250000
54.279999
53.230000
53.369999
53.630001
54.849998
54.070000
54.150002
53.840000
54.070000
54.549999
55.099998
55.070000
54.759998
55.389999
54.889999
55.740002
54.740002
54.950001
55.459999
55.660000
55.200001
55.520000
56.169998
56.549999
56.330002
56.220001
56.279999
56.389999
56.820000
56.750000
56.869999
57.400002
57.180000
57.270000
57.419998
57.330002
58.250000
57.599998
59.299999
57.880001
57.889999
58.070000
58.430000
59.480000
58.529999
59.020000
60.220001
59.029999
59.369999
58.599998
59.570000
59.720001
59.799999
60.090000
59.790001
59.540001
59.900002
60.529999
60.130001
60.820000
60.900002
60.950001
60.439999
61.360001
61.320000
61.220001
61.459999
61.759998
61.470001
62.020000
61.419998
61.810001
61.720001
61.610001
61.770000
61.910000
61.970001
61.959999
62.450001
63.090000
63.730000
62.660000
63.799999
63.689999
63.520000
63.009998
64.099998
63.570000
63.889999
63.990002
64.980003
64.529999
64.940002
64.300003
64.430000
64.230003
64.250000
65.250000
64.949997
65.849998
64.820000
66.589996
65.690002
65.660004
65.720001
65.389999
66.339996
66.209999
66.089996
66.760002
65.839996
66.940002
67.080002
66.959999
67.709999
66.790001
66.680000
67.099998
68.190002
67.639999
68.010002
68.349998
68.309998
68.800003
68.250000
69.080002
68.120003
68.580002
68.160004
69.150002
68.629997
68.550003
69.660004
69.930000
69.029999
69.099998
69.699997
68.949997
70.190002
70.080002
69.720001
70.199997
70.440002
69.809998
70.019997
70.379997
70.589996
71.220001
70.660004
71.139999
73.360001
70.419998
72.070000
71.419998
71.120003
71.309998
72.110001
71.599998
72.029999
71.769997
72.010002
72.320000
73.110001
72.459999
72.839996
72.360001
74.199997
73.709999
74.129997
74.099998
74.239998
73.500000
73.570000
74.040001
73.949997
74.269997
74.300003
74.120003
74.940002
74.639999
74.059998
74.699997
76.019997
75.620003
75.470001
75.209999
75.290001
75.820000
75.809998
76.879997
75.559998
76.080002
76.639999
76.559998
76.180000
77.290001
76.470001
77.209999
76.339996
77.080002
77.519997
78.180000
78.239998
77.000000
77.709999
77.529999
77.040001
77.709999
78.279999
78.449997
78.379997
77.879997
78.470001
78.180000
78.309998
78.459999
79.459999
79.599998
79.459999
79.150002
79.540001
79.680000
79.930000
79.410004
79.430000
79.989998
81.300003
80.330002
80.330002
81.239998
79.989998
81.800003
81.269997
80.720001
80.930000
81.639999
81.570000
81.239998
81.800003
81.519997
83.349998
81.820000
82.639999
82.580002
82.379997
82.379997
84.239998
83.209999
81.860001
82.779999
83.470001
83.650002
83.019997
84.010002
83.610001
84.370003
84.250000
84.080002
83.139999
84.800003
84.339996
85.250000
83.949997
85.120003
85.309998
86.290001
84.570000
85.010002
85.110001
87.089996
85.629997
86.180000
85.849998
85.570000
86.180000
86.440002
86.000000
87.260002
86.730003
86.980003
86.580002
87.099998
86.480003
87.889999
86.639999
87.070000
87.839996
87.230003
88.500000
88.360001
88.389999
88.760002
88.580002
88.709999
88.440002
88.980003
88.629997
90.519997
90.529999
88.419998
88.760002
88.459999
88.010002
88.580002
88.730003
88.650002
88.779999
89.129997
89.669998
89.050003
89.900002
87.589996
89.620003
89.330002
92.080002
89.879997
89.970001
90.000000
90.400002
91.129997
92.559998
