8 2 0 1 1 0 0 0 0 0 0
8 2 0 1 0 1 0 1 0 0 0

8 3 0 0 0 1 1 0 1 0 0
8 3 0 1 0 1 1 1 0 1 0

8 4 0 1 0 1 1 1 0 1 0
8 4 0 1 0 1 1 1 1 0 0

8 5 0 0 0 1 0 1 1 1 0
8 5 1 1 1 1 0 1 1 1 0

10 3 0 0 1 1 1 0 1 1 1 0 0
10 3 1 1 1 0 1 1 1 0 0 0 0
10 3 0 0 0 1 0 0 0 1 0 0 0
10 3 0 0 0 1 0 1 1 1 0 0 0

10 10 1 1 1 1 1 1 1 1 1 1 0
10 9 1 1 1 1 1 1 1 1 1 1 0
10 9 1 1 1 1 1 1 1 1 1 0 0
10 9 1 1 1 1 1 1 1 1 0 0 0

10 8 1 1 1 1 1 1 0 1 1 1 0
10 8 1 1 1 1 0 1 1 1 1 1 0

10 7 1 1 0 1 1 1 1 1 1 1 0
10 7 1 0 1 1 1 1 1 1 1 0 0




